#    H(KM)   VP(KM/S)   VS(KM/S) RHO(GM/CC)         QP         QS       ETAP       ETAS      FREFP      FREFS
     0.2000     3.1180     1.5740     2.3120    300.00    150.00   0.00       0.00       1.00       1.00
     0.2000     3.1820     1.6210     2.3240    300.00    150.00   0.00       0.00       1.00       1.00
     0.2000     3.3690     1.7590     2.3570    300.00    150.00   0.00       0.00       1.00       1.00
     0.4000     3.6560     1.9660     2.3430    300.00    150.00   0.00       0.00       1.00       1.00
     0.5000     4.2790     2.3990     2.4320    300.00    150.00   0.00       0.00       1.00       1.00
     0.5000     4.9250     2.8240     2.5230    300.00    150.00   0.00       0.00       1.00       1.00
     0.5000     5.2770     3.0440     2.5790    300.00    150.00   0.00       0.00       1.00       1.00
     0.5000     5.4950     3.1770     2.6170    300.00    150.00   0.00       0.00       1.00       1.00
     1.0000     5.6680     3.2800     2.6490    300.00    150.00   0.00       0.00       1.00       1.00
     5.0000     5.8610     3.3930     2.6880    300.00    150.00   0.00       0.00       1.00       1.00
     5.0000     6.0000     3.4720     2.7170    300.00    150.00   0.00       0.00       1.00       1.00
    10.0000     6.2000     3.5850     2.7610    300.00    150.00   0.00       0.00       1.00       1.00
     8.0000     6.6000     3.8030     2.8590    300.00    150.00   0.00       0.00       1.00       1.00
     0.0000     7.7000     4.3650     3.1870   1000.00   1000.00   0.00       0.00       1.00       1.00
